1
12
13
14
15
18
31
41
44
49
66
73
75
77
81
110
112
121
125
127
128
147
149
151
154
157
159
161
179
206
225
246
266
289
290
311
325
326
329
333
339
348
349
350
351
352
353
354
355
356
357
358
359
360
361
362
363
364
365
366
367
368
369
370
371
372
373
374
375
384
388
392
395
401
406
407
408
409
410
412
414
418
419
425
429
432
435
437
438
440
442
447
448
450
458
462
463
464
467
468
469
471
472
475
479
483
488
491
492
494
495
497
499
500
503
505
508
512
516
520
525
526
527
528
529
530
531
532
533
534
535
536
537
538
539
540
541
542
543
544
545
546
547
548
549
550
551
552
553
554
555
556
557
558
559
560
561
562
563
564
565
566
567
568
569
570
571
572
573
574
575
576
578
579
581
583
585
586
589
591
592
595
597
599
601
603
605
606
608
610
611
613
614
616
617
618
619
620
622
624
625
626
627
628
629
630
632
634
636
638
640
641
643
645
647
651
652
653
654
655
656
657
658
659
660
661
662
663
665
667
668
670
672
673
675
676
677
678
679
680
681
682
683
684
685
687
689
690
691
693
694
695
696
697
699
700
701
702
703
704
705
706
707
708
709
710
711
712
713
714
715
716
717
718
719
720
721
722
723
725
727
731
734
750
751
752
753
754
755
756
757
758
763
772
773
774
775
782
783
786
790
799
800
801
802
803
804
805
806
807
808
809
810
811
812
813
814
815
816
817
818
819
820
821
822
823
824
825
826
827
828
829
830
831
832
833
834
835
836
837
838
839
840
841
844
847
849
851
853
856
859
862
865
867
869
873
876
879
880
883
885
891
894
895
896
897
901
903
904
906
907
911
915
919
923
927
931
935
939
941
943
945
947
949
951
953
955
956
958
960
963
965
967
969
971
973
979
989
1004
1007
1011
1015
1019
1023
1027
1031
1035
1039
1043
1047
1051
1055
1059
1063
1067
1071
1072
1073
1074
1075
1076
1077
1078
1079
1080
1081
1082
1083
1084
1085
1086
1087
1088
1089
1090
1091
1093
1094
1096
1098
1099
1100
1102
1103
1105
1107
1108
1109
1111
1113
1114
1116
1118
1120
1122
1123
1124
1126
1128
1130
1133
1135
1137
1140
1142
1143
1145
1147
1148
1150
1152
1155
1156
1158
1159
1160
1162
1163
1164
1165
1166
1168
1170
1172
1174
1176
1178
1180
1182
1184
1186
1187
1188
1189
1191
1193
1195
1196
1198
1199
1203
1207
1215
1219
1223
1231
1232
1233
1234
1235
1237
1239
1240
1242
1247
1249
1251
1252
1253
1254
1256
1257
1258
1260
1262
1263
1271
1275
1279
1282
1295
1297
1299
1300
1302
1303
1305
1306
1308
1311
1313
1315
1317
1319
1320
1321
1323
1325
1327
1329
1331
1359
1360
1361
1362
1363
1364
1365
1366
1367
1368
1369
1371
1372
1373
1374
1375
1376
1377
1378
1379
1380
1381
1382
1383
1384
1385
1386
1387
1388
1389
1390
1391
1392
1393
1394
1395
1396
1397
1398
1399
1400
1401
1402
1403
1404
1405
1406
1407
1408
1409
1410
1411
1412
1413
1414
1415
1416
1417
1418
1419
1420
1421
1423
1425
1427
1435
1439
1442
1443
1444
1445
1446
1447
1448
1449
1450
1451
1454
1455
1457
1461
1463
1465
1470
1473
1475
1477
1479
1480
1482
1483
1487
1491
1495
1499
1503
1507
1511
1515
1519
1523
1527
1531
1532
1533
1534
1535
1536
1537
1538
1539
1540
1541
1542
1543
1544
1545
1546
1547
1548
1549
1550
1551
1552
1553
1554
1555
1556
1557
1558
1559
1560
1561
1562
1563
1564
1565
1566
1567
1568
1570
1571
1572
1573
1574
1575
1576
1577
1578
1579
1583
1587
1591
1595
1599
1603
1607
1611
1614
1619
1623
1627
1631
1635
1639
1643
1647
1651
1655
1663
1667
1671
1675
1676
1677
1678
1679
1680
1681
1682
1683
1684
1685
1686
1687
1688
1689
1690
1691
1692
1693
1694
1695
1696
1697
1698
1699
1707
1708
1709
1710
1712
1713
1715
1717
1718
1720
1724
1726
1727
1729
1730
1733
1736
1739
1743
1747
1751
1755
1759
1760
1761
1762
1763
1764
1765
1766
1767
1768
1769
1770
1771
1772
1773
1774
1775
1776
1777
1778
1779
1780
1781
1782
1783
1784
1785
1786
1787
1788
1789
1790
1791
1792
1793
1794
1795
1796
1797
1798
1799
1800
1801
1802
1803
1807
1811
1815
1819
1823
1827
1831
1835
1836
1837
1838
1839
1840
1841
1842
1843
1844
1845
1846
1847
1848
1849
1850
1851
1852
1853
1854
1855
1856
1857
1858
1859
1860
1861
1862
1863
1864
1865
1866
1867
1868
1869
1870
1871
1875
1879
1882
1887
1888
1889
1890
1891
1892
1893
1894
1895
1896
1897
1899
1903
1907
1911
1912
1917
1919
1921
1923
1925
1927
1930
1933
1936
1938
1939
1941
1943
1945
1948
1950
1951
1952
1953
1954
1957
1959
1964
1967
1969
1971
1973
1975
1977
1980
1983
1991
1995
1999
2001
2003
2006
2008
2010
2012
2014
2015
2016
2017
2018
2019
2020
2021
2022
2023
2024
2026
2027
2029
2030
2031
2033
2035
2037
2038
2039
2041
2044
2047
2049
2052
2060
2062
2063
2065
2067
2069
2071
2075
2077
2083
2095
2098
2100
2102
2103
2105
2107
2109
2111
2113
2115
2118
2120
2123
2126
2127
2131
2139
2143
2144
2145
2146
2148
2152
2154
2156
2158
2160
2162
2164
2166
2168
2170
2172
2174
2176
2178
2180
2182
2184
2186
2188
2190
2192
2194
2196
2198
2200
2202
2204
2206
2208
2210
2212
2214
2216
2218
2220
2222
2224
2226
2228
2230
2232
2234
2236
2238
2240
2242
2244
2246
2248
2250
2252
2254
2256
2258
2260
2262
2264
2266
2268
2270
2272
2274
2276
2278
2280
2281
2282
2284
2285
2286
2287
2288
2290
2292
2294
2296
2298
2300
2302
2303
2304
2305
2306
2308
2310
2311
2312
2314
2316
2318
2320
2322
2324
2326
2328
2330
2332
2334
2336
2338
2340
2342
2344
2346
2348
2350
2352
2354
2356
2358
2360
2362
2364
2366
2368
2369
2370
2373
2374
2378
2382
2386
2388
2390
2392
2393
2394
2396
2398
2400
2402
2404
2406
2408
2410
2412
2414
2416
2418
2419
2421
2422
2425
2427
2431
2435
2439
2443
2447
2453
2454
2462
2469
2472
2474
2477
2480
2485
2490
2494
2497
2499
2503
2506
2508
2512
2517
2520
2527
2530
2533
2538
2541
2545
2549
2561
2563
2565
2567
2569
2571
2573
2575
2577
2579
2581
2597
2599
2601
2603
2605
2609
2611
2613
2615
2617
2619
2621
2623
2625
2627
2629
2631
2633
2635
2637
2639
2641
2643
2646
2648
2649
2651
2654
2657
2658
2661
2663
2665
2667
2669
2671
2674
2677
2680
2682
2685
2687
2689
2691
2693
2697
2698
2699
2701
2703
2707
2711
2714
2717
2720
2723
2725
2727
2728
2730
2731
2733
2735
2737
2739
2741
2742
2743
2744
2746
2747
2748
2749
2750
2751
2752
2753
2754
2755
2756
2757
2758
2759
2760
2761
2762
2763
2764
2765
2766
2767
2768
2769
2770
2771
2772
2773
2774
2775
2776
2777
2778
2779
2780
2781
2782
2783
2787
2789
2793
2796
2800
2802
2804
2807
2809
2811
2812
2814
2816
2818
2821
2823
2826
2829
2832
2837
2838
2841
2842
2843
2844
2845
2846
2847
2849
2850
2851
2853
2856
2859
2861
2864
2866
2869
2885
2888
2901
2909
2917
2933
2935
2937
2940
2943
2945
2949
2951
2953
2954
2955
2956
2957
2959
2961
2963
2965
2969
2971
2976
2981
2985
2990
2997
3013
3016
3018
3019
3022
3026
3029
5000
5001
5002
5003
5004